8.09364712897
8.34261213053
8.02406386038
8.26548189168
8.02781103243
7.96925215617
7.89576615979
7.96906295266
8.00607412076
7.93020217636
8.08858041575
7.98656175539
8.33909508532
8.1596548403
8.02387692603
7.91551006734
7.91240468399
8.10899533597
7.92611956946
7.99487740039

7.89576615979
7.91240468399
7.91551006734
7.92611956946
7.93020217636
7.96906295266
7.96925215617
7.98656175539
7.99487740039
8.00607412076
8.34261213053
8.34261213053
7.92763182829
7.88326146189
8.1471529784
7.91240468399
7.96906295266
7.99732772827
7.96906295266
8.00607412076

7.88326146189
7.89576615979
7.91240468399
7.91240468399
7.91551006734
7.92611956946
7.92763182829
7.93020217636
7.96906295266
7.96906295266
8.1471529784
8.08555999913
8.0027811149
7.91240468399
7.91960130509
7.93020217636
7.92822463496
7.92198258667
7.93020217636
7.91240468399

7.88326146189
7.89576615979
7.91240468399
7.91240468399
7.97371686637
7.91240468399
7.91551006734
7.91960130509
7.92198258667
7.92611956946
7.95566472674
7.88326146189
8.03645728864
8.10154927821
7.91240468399
7.91240468399
7.92389598103
7.91551006734
8.10154927821
7.86360041746

7.86360041746
7.88326146189
7.88326146189
7.89576615979
7.91240468399
7.91240468399
7.91240468399
7.91240468399
7.91240468399
7.91551006734
7.97428624353
7.91240468399
7.91240468399
7.91240468399
7.96301496981
8.07364968951
7.91240468399
7.89576615979
7.96301496981
7.86360041746

7.86360041746
7.86360041746
7.88326146189
7.88326146189
7.89576615979
7.89576615979
7.91240468399
7.91240468399
7.91240468399
7.91240468399
7.91240468399
7.96301496981
7.91240468399
7.88326146189
8.19612341934
7.91240468399
7.86360041746
7.86360041746
7.91240468399
7.91240468399

7.86360041746
7.86360041746
7.86360041746
7.86360041746
7.88326146189
7.88326146189
7.88326146189
7.89576615979
7.89576615979
7.91240468399
7.95262977182
7.91240468399
7.89576615979
7.88326146189
7.88326146189
8.1295072794
7.90715179083
8.0176395693
7.91282625991
7.86360041746

7.86360041746
7.86360041746
7.86271706885
7.86360041746
7.86360041746
7.88326146189
7.88326146189
7.88326146189
7.88326146189
7.88326146189
8.1295072794
7.89525355962
7.91558921669
7.88326146189
8.1295072794
7.89525355962
7.86360041746
8.1295072794
7.88326146189
7.86271706885

7.86271706885
7.86271706885
7.86360041746
7.86360041746
7.86360041746
7.86360041746
7.86360041746
7.88326146189
7.88326146189
7.88326146189
7.91558921669
7.86360041746
7.88326146189
8.09295886655
7.86360041746
7.86360041746
7.86360041746
8.20680801346
7.88326146189
7.86271706885

7.86271706885
7.86271706885
7.86271706885
7.86360041746
7.86360041746
7.86360041746
7.86360041746
7.86360041746
7.86360041746
7.86360041746
7.86360041746
7.86271706885
7.86360041746
7.86360041746
7.86360041746
7.86360041746
7.86271706885
7.86360041746
7.86271706885
7.86360041746

7.86271706885
7.86271706885
7.86271706885
7.86271706885
7.86271706885
7.86271706885
7.86360041746
7.86360041746
7.86360041746
7.86360041746
7.86271706885
7.86360041746
7.86271706885
7.86271706885
7.86360041746
7.86271706885
7.86360041746
7.86360041746
7.86271706885
7.86271706885

7.86271706885
7.86271706885
7.86271706885
7.86271706885
7.86271706885
7.86271706885
7.86271706885
7.86271706885
7.86271706885
7.86271706885
7.86271706885
7.86271706885
7.86271706885
7.86271706885
7.86271706885
7.86271706885
7.86271706885
7.86271706885
7.86271706885
7.86271706885

7.86271706885
7.86271706885
7.86271706885
7.86271706885
7.86271706885
7.86271706885
7.86271706885
7.86271706885
7.86271706885
7.86271706885
7.86271706885
7.86271706885
7.86271706885
7.86271706885
7.86271706885
7.86271706885
7.86271706885
7.86271706885
7.86271706885
7.86271706885

7.86271706885
7.86271706885
7.86271706885
7.86271706885
7.86271706885
7.86271706885
7.86271706885
7.86271706885
7.86271706885
7.86271706885
7.86271706885
7.86271706885
7.86271706885
7.86271706885
7.86271706885
7.86271706885
7.86271706885
7.86271706885
7.86271706885
7.86271706885

7.86271706885
7.86271706885
7.86271706885
7.86271706885
7.86271706885
7.86271706885
7.86271706885
7.86271706885
7.86271706885
7.86271706885
7.86271706885
7.86271706885
7.86271706885
7.86271706885
7.86271706885
7.86271706885
7.86271706885
7.86271706885
7.86271706885
7.86271706885

7.86271706885
7.86271706885
7.86271706885
7.86271706885
7.86271706885
7.86271706885
7.86271706885
7.86271706885
7.86271706885
7.86271706885
7.86271706885
7.86271706885
7.86271706885
7.86271706885
7.86271706885
7.86271706885
7.86271706885
7.86271706885
7.86271706885
7.86271706885

7.86271706885
7.86271706885
7.86271706885
7.86271706885
7.86271706885
7.86271706885
7.86271706885
7.86271706885
7.86271706885
7.86271706885
7.86271706885
7.86271706885
7.86271706885
7.86271706885
7.86271706885
7.86271706885
7.86271706885
7.86271706885
7.86271706885
7.86271706885

7.86271706885
7.86271706885
7.86271706885
7.86271706885
7.86271706885
7.86271706885
7.86271706885
7.86271706885
7.86271706885
7.86271706885
7.86271706885
7.86271706885
7.86271706885
7.86271706885
7.86271706885
7.86271706885
7.86271706885
7.86271706885
7.86271706885
7.86271706885

7.86271706885
7.86271706885
7.86271706885
7.9507413531
7.86271706885
7.86271706885
7.86271706885
7.86271706885
7.86271706885
7.86271706885
7.86271706885
7.86271706885
7.86271706885
7.86271706885
7.86271706885
7.86271706885
7.86271706885
7.86271706885
7.86271706885
7.86271706885

7.86271706885
7.86271706885
7.86271706885
7.86271706885
7.86271706885
7.86271706885
7.86271706885
7.86271706885
7.86271706885
7.86271706885
7.9507413531
7.86271706885
7.86271706885
7.86271706885
7.86271706885
7.86271706885
7.86271706885
7.86271706885
7.9507413531
7.86271706885

